15,15
1,1,1,1,1,1,1,1,1,1,1,1,1,1,1
1,3,0,2,2,2,2,2,2,2,2,2,0,3,1
1,0,1,2,1,1,2,1,2,1,1,2,1,0,1
1,2,2,2,2,2,2,1,2,2,2,2,2,2,1
1,2,1,2,1,1,2,1,2,1,1,2,1,2,1
1,2,2,2,1,2,2,2,2,2,1,2,2,2,1
1,2,1,2,1,2,1,2,1,2,1,2,1,2,1
1,2,2,2,2,2,1,2,1,2,2,2,2,2,1
1,2,1,2,1,2,1,2,1,2,1,2,1,2,1
1,2,2,2,1,2,2,2,2,2,1,2,2,2,1
1,2,1,2,1,1,2,1,2,1,1,2,1,2,1
1,2,2,2,2,2,2,1,2,2,2,2,2,2,1
1,0,1,2,1,1,2,1,2,1,1,2,1,0,1
1,3,0,2,2,2,2,2,2,2,2,2,0,3,1
1,1,1,1,1,1,1,1,1,1,1,1,1,1,1
%soft ratio : amount of soft block keep on the grid
SR 0.90
%loot table : proportion of BombUp FireUp SpeedUp in the soft block
LT 0.45 0.05 0.45